google.com HTTP 0.316 0.191 0.189 0.185 0.177 0.187 0.195 0.2 0.2 0.186 0.204 0.188 0.186 0.186 0.194 0.185 0.193 0.219 0.236 0.187  Med 0.189 Avg 0.2
google.com HTTPS 0.322 0.27 0.237 0.243 0.252 0.264 0.235 0.234 0.237 0.246 0.263 0.25 0.263 0.236 0.256 0.266 0.263 0.232 0.239 0.228  Med 0.246 Avg 0.252
google.com COMP 1.302 0.057 1.258 0.052
google.co.in HTTP 0.571 0.185 0.201 0.256 0.177 0.205 0.194 0.182 0.197 0.178 0.205 0.189 0.2 0.177 0.186 0.203 0.172 0.184 0.181 0.191  Med 0.189 Avg 0.212
google.co.in HTTPS 0.317 0.24 0.246 0.233 0.234 0.264 0.236 0.245 0.248 0.23 0.247 0.241 0.242 0.232 0.234 0.251 0.231 0.238 0.228 0.327  Med 0.24 Avg 0.248
google.co.in COMP 1.270 0.051 1.172 0.037
google.co.jp HTTP 0.566 0.161 0.165 0.142 0.143 0.149 0.158 0.149 0.154 0.163 0.162 0.151 0.174 0.151 0.157 0.141 0.153 0.148 0.146 0.164  Med 0.153 Avg 0.175
google.co.jp HTTPS 0.218 0.2 0.195 0.19 0.205 0.202 0.199 0.209 0.228 0.196 0.202 0.211 0.185 0.224 0.194 0.201 0.213 0.188 0.195 0.428  Med 0.201 Avg 0.214
google.co.jp COMP 1.314 0.048 1.225 0.039
live.com HTTP 1.887 1.148 1.108 1.133 1.086 1.094 1.111 1.243 1.095 1.106 1.14 1.164 1.104 1.126 1.082 1.114 1.117 1.115 1.135 1.115  Med 1.115 Avg 1.161
live.com HTTPS 0.89 0.908 0.882 0.922 0.895 0.885 0.884 0.892 0.924 0.898 0.887 0.906 0.9 0.92 0.887 0.91 0.922 0.924 0.898 0.922  Med 0.898 Avg 0.903
live.com COMP 0.8054 -0.217 0.7775 -0.258
sina.com.cn HTTP 8.408 4.45 7.905 7.302 7.293 7.731 4.887 7.803 5.202 5.284 5.876 5.131 4.193 4.288 7.313 4.695 5.249 5.333 4.568 4.618  Med 5.249 Avg 5.876
sina.com.cn HTTPS 5.192 6.233 5.02 4.835 4.553 5.219 4.867 4.14 4.509 4.214 5.75 4.295 4.712 6.135 6.207 3.965 4.062 4.395 5.257 3.989  Med 4.712 Avg 4.877
sina.com.cn COMP 0.8977 -0.537 0.8300 -0.999
jd.com HTTP 6.603 1.175 1.13 1.181 1.219 1.187 1.125 1.114 1.149 1.112 1.17 9.529 1.157 3.52 1.55 1.126 1.124 3.519 1.124 1.207  Med 1.17 Avg 2.101
jd.com HTTPS 1.906 1.136 1.177 1.135 1.182 1.116 1.136 1.124 1.151 3.551 1.161 1.127 1.172 1.159 1.141 1.135 1.161 1.138 1.149 3.509  Med 1.149 Avg 1.423
jd.com COMP 0.9821 -0.021 0.6774 -0.678